4932 9865
106 5038
106 5039
68 5001
68 5000
67 5000
67 5001
60 4993
60 4992
53 4987
53 4986
48 4982
48 4983
46 4978
46 4979
44 4978
44 4977
42 4974
42 4975
40 4972
40 4973
39 4972
39 4972
39 4971
39 4972
39 4971
39 4971
37 4970
37 4969
36 4968
36 4969
35 4969
35 4967
35 4968
35 4968
34 4967
34 4967
34 4966
34 4967
34 4966
34 4966
34 4966
34 4966
34 4967
34 4967
33 4965
33 4966
33 4966
33 4967
31 4963
31 4963
31 4963
31 4963
31 4964
31 4965
31 4963
31 4964
31 4964
31 4964
31 4964
31 4964
31 4963
31 4964
30 4962
30 4963
30 4962
30 4963
29 4963
29 4962
28 4960
28 4961
27 4961
27 4960
27 4959
27 4959
27 4960
27 4960
27 4960
27 4961
27 4960
27 4959
27 4959
27 4960
27 4960
27 4959
26 4958
26 4959
26 4959
26 4958
26 4958
26 4959
26 4959
26 4959
26 4958
26 4958
25 4957
25 4957
25 4958
25 4959
25 4958
25 4957
25 4958
25 4958
25 4958
25 4958
25 4957
25 4959
24 4956
24 4957
24 4957
24 4956
24 4956
24 4956
24 4957
24 4957
24 4956
24 4957
24 4956
24 4957
24 4957
24 4956
23 4957
23 4957
23 4956
23 4955
23 4957
23 4955
23 4956
23 4955
23 4956
23 4956
23 4956
23 4956
23 4956
23 4956
23 4955
23 4956
23 4956
23 4956
23 4955
23 4956
23 4955
23 4955
23 4956
23 4955
23 4955
23 4956
23 4955
23 4955
22 4956
22 4955
22 4956
22 4955
22 4955
22 4955
22 4955
22 4955
22 4954
22 4954
22 4954
22 4955
22 4954
22 4955
22 4955
22 4954
22 4955
22 4956
22 4955
22 4954
22 4954
22 4955
22 4955
22 4954
22 4954
22 4955
22 4954
22 4954
21 4953
21 4953
21 4954
21 4954
21 4955
21 4953
21 4954
21 4954
21 4954
21 4953
21 4954
21 4954
21 4953
21 4953
21 4954
21 4953
21 4953
21 4954
21 4953
21 4954
20 4952
20 4952
20 4952
20 4953
20 4953
20 4953
20 4952
20 4953
20 4952
20 4952
20 4953
20 4952
20 4953
20 4952
20 4952
20 4954
20 4953
20 4953
20 4953
20 4953
20 4952
20 4952
20 4953
20 4953
19 4951
19 4951
19 4952
19 4951
19 4953
19 4952
19 4952
19 4952
19 4952
19 4952
19 4951
19 4951
19 4952
19 4952
19 4952
19 4951
19 4951
19 4951
19 4952
19 4952
19 4951
19 4951
19 61
19 4951
19 4952
18 4951
18 4951
18 4950
18 4950
18 4950
18 4950
18 4951
18 4950
18 4952
18 4951
18 4951
18 4951
18 4952
18 4951
18 4950
18 4950
18 4950
18 4951
18 4951
18 4951
17 4951
17 4949
17 4949
17 4950
17 4949
17 4950
17 4950
17 4950
17 4950
17 4952
17 4951
17 4949
17 4950
17 4949
17 4950
17 54
17 4950
17 4951
17 4950
17 4950
17 4951
17 4950
17 4949
17 4950
17 4951
17 4949
17 4949
17 4949
17 4950
16 4949
16 4949
16 4948
16 4948
16 4948
16 4949
16 4949
16 4948
16 4949
16 4950
16 4948
16 4948
16 4949
16 4948
16 4948
16 4949
16 4949
16 4949
16 4948
16 4948
16 57
16 4948
16 4949
16 4949
16 4949
16 4949
16 4949
16 4949
16 4948
16 4948
16 4949
16 4948
16 4948
16 63
15 4947
15 4948
15 4948
15 4948
15 4947
15 4947
15 4947
15 4947
15 4950
15 4947
15 4948
15 4948
15 4948
15 4947
15 4949
15 4948
15 4948
15 38
15 4948
15 4948
15 4949
15 4947
15 4949
15 4950
15 4948
15 4948
15 4949
15 4947
15 4948
15 4948
15 4947
15 4948
15 4948
15 4949
15 4947
15 4948
15 4947
15 4948
15 4947
15 4948
15 4947
15 4947
15 4948
15 4948
15 4948
15 4947
15 4948
15 4947
15 4947
15 4947
15 4947
14 4947
14 4946
14 4947
14 4946
14 4946
14 4946
14 4946
14 4947
14 4946
14 4947
14 4947
14 4947
14 4946
14 4947
14 4947
14 4947
14 4946
14 4947
14 4947
14 4947
14 4947
14 4946
14 4947
14 4946
14 4946
14 4947
14 4947
14 4948
14 4946
14 4946
14 4946
14 4946
14 4947
14 4946
14 4947
14 4946
14 4946
14 4946
14 4947
14 4946
14 4947
14 4947
14 4947
14 4947
14 4947
14 4949
14 4946
14 4946
14 4946
14 4948
14 4947
14 4947
14 4946
14 4947
14 4948
14 4947
14 4948
14 4946
14 4947
14 4946
13 4945
13 4946
13 4946
13 4946
13 4945
13 4946
13 4946
13 4946
13 4945
13 4945
13 4947
13 4946
13 54
13 4946
13 4945
13 4945
13 4946
13 4945
13 4945
13 4945
13 4945
13 35
13 4946
13 4945
13 4946
13 4946
13 4945
13 4945
13 4946
13 4945
13 4945
13 4945
13 4946
13 4945
13 4946
13 4946
13 4945
13 4947
13 4946
13 4945
13 4947
13 4946
13 4946
13 4945
13 4946
13 4946
13 4946
13 4945
13 4945
13 4946
13 4945
13 4946
13 4946
13 4946
13 4945
13 4945
13 4946
13 4945
13 4946
13 4945
13 4946
13 4945
13 4945
13 4946
13 4946
13 4946
12 4945
12 4944
12 4945
12 4945
12 4944
12 4944
12 4945
12 4944
12 4945
12 4944
12 4945
12 4944
12 4946
12 4945
12 4945
12 4944
12 4945
12 4945
12 4946
12 4944
12 4944
12 4944
12 4944
12 4944
12 4946
12 4944
12 4944
12 4945
12 4945
12 4944
12 4948
12 4946
12 4944
12 4945
12 4945
12 4944
12 4945
12 4945
12 4945
12 4944
12 4945
12 4945
12 4945
12 4945
12 4945
12 4946
12 4945
12 4945
12 4945
12 4945
12 4945
12 4945
12 4945
12 4944
12 4944
12 4945
12 4944
12 4945
12 4944
12 4945
12 4944
12 4944
12 4944
12 4944
12 4944
12 4946
12 4945
12 4945
12 4944
12 4944
12 4945
12 4945
12 4944
12 4944
12 4944
12 4945
12 4944
12 4945
12 4946
12 4945
12 4944
12 4945
12 4947
12 4945
11 4944
11 4944
11 4944
11 4944
11 4944
11 4944
11 4943
11 4943
11 4944
11 4944
11 4944
11 4944
11 4943
11 4943
11 4944
11 4943
11 4943
11 4944
11 4943
11 4943
11 4943
11 4943
11 4944
11 4943
11 4944
11 4943
11 4943
11 4944
11 4943
11 4943
11 4943
11 4945
11 4944
11 4943
11 4946
11 4947
11 4943
11 4943
11 4946
11 4945
11 4944
11 4943
11 4944
11 4943
11 85
11 4944
11 4944
11 4943
11 4944
11 4944
11 4944
11 4943
11 4944
11 4943
11 4945
11 4944
11 4944
11 4944
11 4944
11 4945
11 4944
11 4945
11 4943
11 4943
11 4943
11 4944
11 4944
11 4943
11 4943
11 4944
11 4944
11 4943
11 4943
11 4945
11 4944
11 4943
11 4944
11 4944
11 4944
11 4944
11 4944
11 4944
11 4944
11 4943
11 4943
11 4944
11 4943
11 4944
11 4943
11 4943
11 4943
10 4943
10 4942
10 4943
10 4943
10 4942
10 4943
10 4943
10 4943
10 4942
10 4942
10 4942
10 4943
10 4942
10 4943
10 4942
10 4942
10 4945
10 4943
10 4943
10 4943
10 4943
10 4944
10 4942
10 4943
10 4942
10 4942
10 4943
10 4943
10 4942
10 4943
10 4943
10 4943
10 4942
10 4943
10 4942
10 4943
10 4942
10 4946
10 4942
10 4942
10 4942
10 4942
10 4943
10 4943
10 4943
10 4943
10 4942
10 4942
10 28
10 4943
10 4943
10 4942
10 4942
10 4944
10 4942
10 4943
10 4944
10 4943
10 4942
10 4942
10 4942
10 4942
10 4942
10 4942
10 4942
10 4943
10 4943
10 4943
10 4942
10 4944
10 4943
10 4943
10 4943
10 4943
10 4943
10 4943
10 4942
10 4942
10 4943
10 4942
10 4942
10 4942
10 4943
10 4943
10 4943
10 4943
10 4942
10 4943
10 4943
10 4943
10 4942
10 4943
10 4942
10 4942
10 4942
10 4942
10 4942
10 4942
10 4943
10 4943
10 4942
10 4943
10 4943
9 4943
9 4942
9 4941
9 4941
9 4942
9 4942
9 4941
9 4942
9 4941
9 4942
9 4942
9 4941
9 4942
9 4942
9 4941
9 4942
9 4941
9 4942
9 4942
9 4942
9 4941
9 4941
9 35
9 4942
9 4942
9 4943
9 4942
9 4942
9 4942
9 4942
9 4941
9 4942
9 4941
9 4941
9 4942
9 4943
9 4942
9 53
9 4941
9 4941
9 4941
9 4942
9 4942
9 4942
9 4941
9 4942
9 4942
9 4942
9 4942
9 4941
9 4941
9 4942
9 4941
9 4941
9 4941
9 4941
9 4942
9 4941
9 4941
9 4941
9 4941
9 4943
9 4942
9 4941
9 4942
9 4941
9 4941
9 4942
9 4941
9 4942
9 4941
9 4942
9 4941
9 4942
9 4942
9 4941
9 4941
9 4942
9 4942
9 4942
9 4941
9 4941
9 4941
9 4941
9 4942
9 4941
9 4942
9 4942
9 4942
9 37
9 4942
9 4942
9 4941
9 4941
9 4942
9 4942
9 4942
9 4941
9 4942
9 4941
9 4941
9 4941
9 4942
9 4942
9 4942
9 4942
9 4941
9 4942
9 4942
9 4941
9 4942
9 4941
9 4942
9 4941
9 4941
9 4941
9 4942
9 4942
9 40
9 4941
9 4941
9 4942
9 37
9 4942
9 4941
9 4941
9 4941
9 4941
9 4941
9 4942
9 4942
9 4941
9 4941
9 4941
9 4942
9 4942
9 4942
9 4942
9 4941
9 4941
9 4941
8 4940
8 4941
8 4941
8 4940
8 4940
8 4941
8 4941
8 4940
8 4941
8 4940
8 4941
8 4941
8 4941
8 4940
8 4941
8 4941
8 4940
8 4941
8 137
8 4940
8 4941
8 4941
8 4940
8 4940
8 4940
8 4940
8 4940
8 4941
8 4941
8 4941
8 4940
8 4941
8 4941
8 4941
8 4940
8 4941
8 4940
8 4941
8 4942
8 4940
8 4940
8 4940
8 4941
8 4942
8 4941
8 4941
8 4941
8 4941
8 4940
8 4941
8 4941
8 4941
8 4941
8 4941
8 4940
8 4940
8 4941
8 4940
8 4941
8 4941
8 4942
8 4940
8 4940
8 4941
8 4940
8 4941
8 4940
8 4941
8 4940
8 88
8 4941
8 4941
8 4940
8 30
8 4940
8 4940
8 4940
8 4940
8 4941
8 4941
8 4941
8 4940
8 4941
8 4940
8 4941
8 4940
8 4940
8 4940
8 4941
8 4940
8 4940
8 4941
8 4941
8 4941
8 4941
8 4940
8 4941
8 4940
8 70
8 27
8 4941
8 4941
8 4940
8 4940
8 4940
8 4941
8 4942
8 4941
8 4940
8 4940
8 4941
8 4941
8 4941
8 4943
8 4941
8 46
8 4940
8 4941
8 4941
8 4941
8 4940
8 4940
8 4940
8 4940
8 4940
8 4941
8 4941
8 4940
8 4941
8 4941
8 4941
8 4941
8 4941
8 4940
8 4940
8 4940
8 4941
8 4941
8 4940
8 4941
8 4940
8 4940
8 4940
8 4941
8 4942
8 4941
8 4940
8 4941
8 4940
8 4941
8 4941
8 4940
8 4940
8 4940
8 4940
8 4940
8 4940
8 4941
8 42
8 4941
8 4941
8 4940
8 4941
8 4940
8 4941
8 4940
8 4941
8 4942
8 4940
8 4940
8 4940
8 4941
8 4941
8 4940
8 4940
8 4941
8 4941
8 4941
8 4941
8 4940
8 4940
8 4940
8 4940
8 4941
8 4940
8 4940
8 4940
8 4941
8 4941
8 4942
8 4940
8 4940
8 4941
8 4940
8 4941
8 4942
8 32
8 4941
8 4940
8 4941
7 4939
7 4940
7 4939
7 4939
7 4940
7 4940
7 4940
7 4940
7 4939
7 4940
7 4939
7 4940
7 4939
7 4939
7 4939
7 4940
7 4939
7 4940
7 4940
7 4941
7 4940
7 4939
7 4940
7 4940
7 4940
7 4940
7 4940
7 4939
7 4939
7 4940
7 4940
7 4940
7 4939
7 4939
7 4940
7 4940
7 4939
7 4939
7 4939
7 4939
7 4939
7 4940
7 4940
7 4939
7 4940
7 4939
7 4939
7 4939
7 4939
7 4940
7 4939
7 4939
7 4940
7 4939
7 4940
7 4940
7 4940
7 4940
7 4939
7 4940
7 4939
7 4939
7 4939
7 4939
7 4940
7 4939
7 4939
7 4940
7 4940
7 4940
7 4939
7 4940
7 4939
7 4939
7 4939
7 4940
7 4939
7 4940
7 4940
7 48
7 4939
7 4940
7 4940
7 4939
7 4940
7 4941
7 48
7 4939
7 4939
7 4939
7 4940
7 4940
7 4939
7 4939
7 4940
7 4940
7 4940
7 4940
7 4940
7 4940
7 4940
7 4939
7 4940
7 4939
7 4939
7 4939
7 4940
7 4940
7 4939
7 4940
7 4939
7 4939
7 4940
7 4939
7 4940
7 4939
7 4939
7 4940
7 4939
7 4940
7 4940
7 4939
7 4939
7 4940
7 4940
7 4940
7 4940
7 4939
7 4940
7 4939
7 4940
7 4940
7 4939
7 4939
7 4940
7 4940
7 4940
7 4940
7 4939
7 4939
7 4939
7 4940
7 4940
7 4941
7 4939
7 4940
7 4939
7 4940
7 4939
7 55
7 4939
7 4939
7 4939
7 4939
7 4939
7 4939
7 4939
7 4940
7 4940
7 4939
7 4940
7 4939
7 4939
7 4940
7 4939
7 4939
7 4939
7 4941
7 4939
7 4940
7 4940
7 4940
7 4940
7 4940
7 4939
7 4939
7 4940
7 4939
7 4939
7 4939
7 4940
7 4939
7 4939
7 4940
7 4940
7 4940
7 4940
7 4940
7 4940
7 4940
7 4939
7 4940
7 4939
7 4940
7 4939
7 4939
7 4940
7 4940
7 4940
7 4940
7 4939
7 4940
7 4939
7 4940
7 4940
7 4939
7 4939
7 4940
7 4940
7 4939
7 4940
7 4940
7 4939
7 4940
7 4940
7 4940
7 4939
7 4940
7 4939
7 4940
7 4940
7 4939
7 4939
7 4940
7 4941
7 4939
7 4940
7 4940
7 4939
7 4939
7 4940
7 4939
7 4939
7 4939
7 4940
7 4939
7 4939
7 4940
7 4939
7 4939
7 4939
7 4940
7 4940
7 4940
7 4939
7 4940
6 4939
6 4938
6 4939
6 4938
6 4938
6 4938
6 4938
6 4938
6 4939
6 4938
6 4938
6 4939
6 4938
6 4938
6 4939
6 4939
6 4938
6 4938
6 4939
6 4939
6 4938
6 4939
6 62
6 4939
6 4939
6 4939
6 4938
6 4938
6 4939
6 4939
6 4939
6 4939
6 4939
6 4938
6 4939
6 4939
6 4938
6 4939
6 4940
6 4938
6 4938
6 4938
6 4939
6 4938
6 4939
6 4938
6 70
6 4938
6 4939
6 4939
6 4938
6 4939
6 4940
6 47
6 4939
6 4939
6 4939
6 4938
6 4939
6 4939
6 4939
6 4940
6 4938
6 4938
6 4939
6 4939
6 33
6 4939
6 4939
6 60
6 4939
6 4939
6 4939
6 4939
6 4939
6 4939
6 4938
6 4938
6 4938
6 4939
6 4939
6 22
6 4939
6 4938
6 4938
6 4939
6 4938
6 4938
6 4939
6 4939
6 4939
6 4938
6 4938
6 4938
6 4939
6 4938
6 4938
6 4940
6 4938
6 4939
6 4938
6 4939
6 4938
6 4938
6 4939
6 4939
6 4938
6 4939
6 4939
6 4938
6 4938
6 4938
6 4938
6 4938
6 4939
6 4938
6 4939
6 4938
6 4939
6 44
6 4939
6 4938
6 4939
6 4938
6 4939
6 4938
6 4938
6 4939
6 4939
6 4939
6 4939
6 4938
6 4939
6 4938
6 4938
6 4939
6 4939
6 4938
6 4938
6 4938
6 17
6 4939
6 4938
6 4939
6 4938
6 4938
6 4939
6 4938
6 4938
6 4939
6 4939
6 4939
6 4939
6 4938
6 4938
6 4938
6 4938
6 4939
6 4938
6 4939
6 4938
6 4938
6 4939
6 4939
6 4939
6 4938
6 4939
6 4941
6 4938
6 4939
6 4938
6 4938
6 4938
6 4939
6 4938
6 4938
6 4938
6 4939
6 4938
6 4938
6 4940
6 4939
6 4938
6 4939
6 4939
6 4940
6 4938
6 4938
6 4938
6 4939
6 4939
6 4939
6 4938
6 4939
6 4938
6 4938
6 4939
6 4939
6 4938
6 4939
6 4938
6 4939
6 4939
6 4939
6 4938
6 4938
6 4939
6 4939
6 4939
6 4938
6 4939
6 4939
6 4939
6 4938
6 4939
6 4939
6 4939
6 4938
6 4938
6 4939
6 4939
6 4939
6 4938
6 4939
6 4939
6 4938
6 4938
6 4938
6 4938
6 4939
6 4939
6 4938
6 4939
6 4939
6 4939
6 4939
6 34
6 4939
6 4940
6 4940
6 4938
6 4939
6 4939
6 4939
6 4939
6 4938
6 4939
6 4938
6 4939
6 4939
6 4938
6 4939
6 4939
6 4939
6 4938
6 4939
6 4939
6 4938
6 4938
6 4939
6 4938
6 4939
6 4938
6 4939
6 4938
6 4939
6 4938
6 4940
6 4938
6 4940
6 4939
6 4939
6 4938
6 59
6 4939
6 4938
6 4938
6 4938
6 4939
6 4939
6 4938
6 4938
6 4938
6 4940
6 4939
6 4939
6 4939
6 4939
6 4938
6 4939
6 4939
6 4939
6 4939
6 4939
6 4938
6 4939
6 4938
6 4939
6 4938
6 4938
6 4938
6 4938
6 4938
6 4938
6 4939
6 4938
6 4939
6 4938
6 4939
6 4939
6 4938
6 4938
6 4938
6 4939
6 4939
6 4939
6 4938
6 4938
6 4939
6 4938
6 4939
6 4938
6 4939
6 4938
6 40
6 4938
6 4938
6 4939
6 4938
6 4938
6 4939
6 43
6 39
6 4939
6 4939
6 4939
6 4938
6 4938
6 4938
6 4938
6 4938
6 4939
6 4939
6 4938
6 4938
6 4938
6 4938
6 4938
5 4938
5 4938
5 13
5 4937
5 43
5 4937
5 4938
5 4937
5 4938
5 4937
5 4938
5 4938
5 4939
5 4938
5 4937
5 4937
5 4937
5 4938
5 4938
5 4937
5 4938
5 4938
5 4938
5 4937
5 4937
5 4938
5 4937
5 4937
5 4938
5 4938
5 49
5 4937
5 4937
5 4937
5 28
5 4937
5 4937
5 4937
5 4937
5 4937
5 4938
5 4938
5 4937
5 4937
5 4938
5 4937
5 4937
5 4938
5 4940
5 4938
5 4938
5 4938
5 4937
5 20
5 4938
5 4937
5 4937
5 4938
5 4938
5 4937
5 4937
5 4938
5 4938
5 4937
5 4938
5 4938
5 4938
5 4937
5 4938
5 4937
5 4937
5 4937
5 4937
5 4938
5 4938
5 4937
5 4937
5 4938
5 4938
5 4937
5 4938
5 4938
5 4937
5 4937
5 4937
5 4938
5 4938
5 4937
5 4938
5 4938
5 4937
5 4938
5 4938
5 4938
5 14
5 4938
5 4938
5 130
5 4937
5 4937
5 4937
5 4937
5 4937
5 4938
5 4938
5 4938
5 4939
5 4937
5 4938
5 4937
5 4938
5 4937
5 21
5 4937
5 91
5 4937
5 4938
5 4938
5 4937
5 4937
5 4938
5 4937
5 4938
5 4938
5 4937
5 4938
5 4937
5 4937
5 4938
5 4937
5 4937
5 4938
5 43
5 4938
5 33
5 4937
5 4938
5 4937
5 4938
5 4937
5 4938
5 4937
5 4938
5 4938
5 4937
5 4938
5 4938
5 21
5 4938
5 4938
5 4937
5 4938
5 4937
5 4937
5 4938
5 4937
5 4938
5 4937
5 4937
5 4938
5 4938
5 4937
5 4937
5 4938
5 11
5 4937
5 4938
5 4938
5 4938
5 4937
5 4938
5 4938
5 4937
5 4937
5 4937
5 4938
5 4937
5 4937
5 4937
5 4937
5 4938
5 4938
5 18
5 30
5 4938
5 4937
5 4939
5 4937
5 4938
5 4938
5 4938
5 4938
5 4938
5 4938
5 4937
5 4938
5 4937
5 4938
5 4937
5 4938
5 4938
5 4937
5 4937
5 4938
5 4937
5 4938
5 4938
5 4937
5 4939
5 4937
5 4938
5 4937
5 4937
5 4937
5 4938
5 4937
5 118
5 4938
5 4940
5 4939
5 4937
5 4937
5 4937
5 25
5 61
5 4938
5 4937
5 4937
5 4937
5 4938
5 4937
5 4938
5 4937
5 4939
5 4938
5 4937
5 4939
5 4938
5 4937
5 4937
5 4937
5 4937
5 4938
5 4938
5 4938
5 4937
5 4938
5 32
5 4938
5 4938
5 4937
5 4939
5 4938
5 4938
5 114
5 4938
5 4938
5 4937
5 4938
5 4938
5 4938
5 4939
5 4938
5 4938
5 4938
5 4938
5 4937
5 4937
5 4937
5 4938
5 4937
5 49
5 4937
5 4937
5 4938
5 4937
5 42
5 4938
5 4937
5 4937
5 4938
5 4938
5 4937
5 4938
5 4937
5 4937
5 4938
5 4937
5 4938
5 4938
5 4938
5 4937
5 4938
5 4938
5 4937
5 4937
5 4938
5 4938
5 4938
5 4937
5 4937
5 33
5 47
5 4938
5 4937
5 4938
5 42
5 4937
5 4938
5 43
5 4937
5 4939
5 4938
5 4938
5 29
5 4937
5 4938
4 34
4 34
4 63
4 31
4 4938
4 30
4 90
4 48
4 35
4 27
4 27
4 33
4 48
4 55
4 4937
4 17
4 4938
4 21
4 44
4 4937
4 45
4 4938
4 51
4 41
4 4937
4 20
4 29
4 33
4 11
4 28
4 43
4 20
4 4937
4 129
4 4938
4 34
4 36
4 4937
4 38
4 29
4 22
4 39
4 37
4 122
4 47
4 58
4 4938
4 4937
4 4938
4 46
4 40
4 75
4 53
4 14
4 38
4 29
4 40
4 4937
4 130
4 36
4 28
4 4938
3 35
3 52
3 4938
3 28
3 40
3 14
3 77
3 4937
3 4938
3 41
3 14
3 34
3 20
3 43
3 29
3 85
3 25
3 68
3 113
3 111
3 15
3 30
3 42
3 36
3 53
3 127
3 112
3 64
3 56
3 4938
3 42
3 64
3 91
3 56
3 36
3 29
3 24
3 17
3 61
3 4937
3 30
3 12
3 25
3 29
3 29
3 83
3 45
3 4937
3 47
3 50
3 54
3 37
3 27
3 48
3 46
3 35
3 55
3 19
3 46
3 44
3 33
3 74
3 82
3 35
3 117
3 23
3 34
3 40
3 33
3 48
3 39
3 15
3 27
3 44
3 39
3 26
3 25
3 32
3 41
3 12
3 34
3 4938
3 32
3 19
3 47
3 29
3 34
3 4937
3 42
3 114
3 39
3 31
3 27
3 111
3 115
3 24
3 28
3 29
3 26
3 26
3 57
3 4937
3 52
3 23
3 47
3 68
3 58
3 81
3 34
3 46
3 47
3 16
3 27
3 28
3 33
3 39
3 18
3 75
3 37
3 30
3 30
3 41
3 4938
3 41
3 34
3 28
3 33
3 43
3 23
3 20
3 32
3 36
3 60
3 32
3 33
3 28
3 26
3 13
3 26
3 29
3 47
3 54
2 21
2 20
2 29
2 37
2 22
2 27
2 43
2 49
2 31
2 30
2 53
2 44
2 50
2 16
2 21
2 21
2 21
2 36
2 23
2 73
2 22
2 18
2 83
2 28
2 36
2 32
2 27
2 40
2 45
2 34
2 48
2 19
2 25
2 137
2 27
2 20
2 126
2 44
2 47
2 28
2 52
2 34
2 35
2 29
2 73
2 38
2 68
2 12
2 52
2 27
2 113
2 57
2 45
2 19
2 57
2 28
2 39
2 40
2 40
2 42
2 61
2 11
2 24
2 50
2 44
2 20
2 33
2 22
2 51
2 36
2 131
2 39
2 30
2 32
2 25
2 37
2 30
2 31
2 18
2 81
2 17
2 24
2 49
2 35
2 84
2 29
2 29
2 28
2 21
2 42
2 30
2 48
2 13
2 28
2 34
2 48
2 50
2 26
2 29
2 31
2 36
2 32
2 49
2 35
2 43
2 47
2 37
2 19
2 39
2 28
2 15
2 36
2 99
2 46
2 27
2 20
2 25
2 28
2 22
2 27
2 27
2 63
2 24
2 61
2 31
2 43
2 54
2 39
2 19
2 48
2 17
2 36
2 30
2 44
2 45
2 79
2 22
2 35
2 26
2 30
2 32
2 41
2 73
2 42
2 113
2 85
2 50
2 102
2 72
2 22
2 40
2 79
2 22
2 38
2 35
2 48
2 15
2 38
2 32
2 99
2 13
2 26
2 29
2 37
2 15
2 38
2 39
2 56
2 45
2 26
2 22
2 15
2 42
2 10
2 47
2 46
2 77
2 41
2 14
2 43
2 12
2 50
2 36
2 24
2 15
2 19
2 47
2 85
2 30
2 25
2 53
2 48
2 75
2 18
2 30
2 19
2 46
2 31
2 18
2 33
2 28
2 45
2 42
2 12
2 29
2 55
2 37
2 26
2 38
2 33
2 32
2 36
2 16
2 19
2 29
2 73
2 43
2 78
2 37
2 25
2 13
2 47
2 41
2 16
2 52
2 59
2 29
2 54
2 121
2 46
2 87
2 30
2 31
2 29
2 75
2 59
2 53
2 13
2 29
2 66
2 33
2 70
2 36
2 10
2 20
2 16
2 18
2 27
2 29
2 119
2 40
2 44
2 91
2 17
2 19
2 55
2 18
2 43
2 26
2 82
2 18
2 35
2 45
2 77
2 25
2 102
2 25
2 62
2 23
2 22
2 110
2 73
2 49
2 43
2 40
2 16
2 54
2 17
2 54
2 12
2 25
2 40
2 51
2 13
2 23
2 37
2 49
2 13
2 16
2 41
2 17
2 17
2 24
2 63
2 24
2 57
2 46
2 30
2 91
2 104
2 54
2 22
2 25
2 46
2 24
2 44
2 32
2 28
2 21
2 49
2 31
2 34
2 16
2 26
2 25
2 13
2 16
2 44
2 111
2 26
2 34
2 86
2 26
2 31
2 16
2 24
2 99
2 26
2 31
2 32
2 34
2 50
2 36
2 19
2 30
2 48
2 28
2 26
2 19
2 13
2 43
2 24
2 70
2 33
2 29
2 78
2 14
2 45
2 48
2 26
2 33
2 46
2 42
2 49
2 28
2 29
2 11
2 29
2 30
2 56
2 46
2 34
2 36
2 31
2 36
2 35
2 30
2 37
2 35
2 23
2 43
2 129
2 11
2 21
2 26
2 35
2 54
2 12
2 38
2 45
2 21
2 21
2 21
2 54
2 14
2 42
2 47
2 78
2 18
2 41
2 20
2 18
2 14
2 31
2 45
2 57
2 19
2 18
2 13
2 50
2 33
2 31
2 18
2 18
2 53
2 15
2 23
2 27
2 56
2 29
2 33
2 41
2 14
2 33
2 12
2 12
2 41
2 23
2 24
2 118
2 84
2 29
2 83
2 12
2 21
2 61
2 38
2 81
2 58
2 28
2 40
2 43
2 18
2 30
2 53
2 40
2 38
2 47
2 11
2 16
2 19
2 19
2 21
2 42
2 45
2 40
2 15
2 63
2 12
2 22
2 46
2 39
2 35
2 29
2 28
2 21
2 73
2 29
2 47
2 27
2 17
2 25
2 19
2 22
2 10
2 24
2 21
2 27
2 16
2 45
2 31
2 26
2 32
2 35
2 74
2 54
2 59
2 51
2 37
2 120
2 31
2 58
2 19
2 19
2 69
2 20
2 87
2 33
2 15
2 73
2 33
2 65
2 46
2 15
2 46
2 40
2 25
2 33
2 21
2 20
2 30
2 23
2 21
2 16
2 52
2 76
2 28
2 32
2 32
2 69
2 26
2 61
2 39
2 12
2 24
2 18
2 27
2 33
2 16
2 49
2 19
2 17
2 21
2 34
2 117
2 61
2 35
2 28
2 31
2 42
2 111
2 14
2 13
2 21
2 66
2 57
2 56
2 26
2 37
2 29
2 50
2 32
2 58
2 39
2 50
2 17
2 61
2 33
2 27
2 40
2 36
2 32
2 54
2 35
2 31
2 34
2 33
2 34
2 24
2 22
2 19
2 73
2 14
2 19
2 74
2 31
2 19
2 72
2 34
2 20
2 26
2 31
2 54
2 33
2 37
2 43
2 29
2 47
2 24
2 21
2 11
2 30
2 50
2 27
2 35
2 43
2 18
2 28
2 13
2 26
2 21
2 40
2 32
2 38
2 24
2 65
2 29
2 17
2 14
2 15
2 111
2 34
2 49
2 56
2 113
2 18
2 39
2 82
2 18
2 77
2 33
2 54
2 24
2 19
2 32
2 29
2 43
2 46
2 47
2 38
2 46
2 19
2 26
2 14
2 52
2 48
2 41
2 13
2 122
2 27
2 48
2 81
2 60
2 29
2 13
2 18
2 12
2 54
2 37
2 23
2 18
2 22
2 37
2 37
2 22
2 78
2 25
2 20
2 76
2 19
2 32
2 37
2 34
2 15
2 34
2 38
2 38
2 82
2 56
2 65
2 33
2 118
2 136
2 38
2 30
2 35
2 18
2 41
2 56
2 19
2 26
2 73
2 13
2 56
2 74
2 71
2 32
2 17
2 16
2 26
2 41
2 44
2 17
2 11
2 41
2 21
2 50
2 20
2 49
2 34
2 31
2 53
2 57
2 25
2 46
2 26
2 52
2 14
2 26
2 38
2 34
2 34
2 37
2 91
2 10
2 41
2 34
2 35
2 33
2 32
2 31
2 21
2 14
2 75
2 65
2 19
2 23
2 89
2 31
2 54
2 86
2 48
2 41
2 37
2 64
2 37
2 120
2 33
2 25
2 28
2 63
2 30
2 24
2 25
2 25
2 26
2 36
2 61
2 32
2 20
2 125
2 20
2 45
2 22
2 25
2 33
2 19
2 26
2 30
2 40
2 15
2 15
2 65
2 91
2 30
2 105
2 20
2 25
2 92
2 32
2 75
2 31
2 22
2 39
2 42
2 93
2 61
2 71
2 35
2 26
2 22
2 15
2 18
2 34
2 54
2 29
2 17
2 74
2 29
2 26
2 16
2 17
2 46
2 57
2 33
2 34
2 43
2 13
2 48
2 25
2 28
2 71
2 32
2 42
2 31
2 20
2 22
2 59
2 39
2 26
2 27
2 57
2 14
2 12
2 24
2 18
2 37
2 50
2 30
2 73
2 32
2 75
2 25
2 35
2 12
2 49
2 37
2 52
2 16
2 25
2 55
2 45
2 47
2 21
2 48
2 57
2 12
2 39
2 20
2 35
2 34
2 74
2 24
2 20
2 160
2 34
2 28
2 59
2 22
1 66
1 33
1 13
1 33
1 30
1 22
1 42
1 30
1 17
1 21
1 12
1 36
1 56
1 24
1 21
1 17
1 40
1 30
1 54
1 22
1 30
1 67
1 46
1 31
1 37
1 17
1 41
1 19
1 17
1 42
1 74
1 39
1 38
1 19
1 23
1 73
1 20
1 23
1 15
1 32
1 14
1 17
1 26
1 35
1 19
1 43
1 23
1 12
1 16
1 38
1 31
1 30
1 11
1 27
1 14
1 28
1 19
1 16
1 17
1 45
1 34
1 53
1 16
1 40
1 21
1 37
1 19
1 26
1 12
1 48
1 46
1 21
1 41
1 18
1 14
1 16
1 32
1 13
1 26
1 19
1 15
1 43
1 33
1 18
1 31
1 47
1 53
1 21
1 27
1 22
1 12
1 34
1 23
1 18
1 26
1 13
1 35
1 37
1 36
1 17
1 20
1 23
1 15
1 19
1 19
1 33
1 21
1 31
1 29
1 20
1 40
1 19
1 12
1 46
1 14
1 30
1 23
1 46
1 73
1 29
1 23
1 31
1 67
1 32
1 30
1 31
1 18
1 53
1 20
1 23
1 31
1 28
1 27
1 26
1 41
1 35
1 21
1 58
1 41
1 10
1 13
1 25
1 11
1 29
1 26
1 42
1 42
1 18
1 23
1 32
1 15
1 123
1 49
1 48
1 55
1 15
1 24
1 27
1 16
1 32
1 15
1 38
1 18
1 31
1 51
1 32
1 26
1 22
1 13
1 12
1 14
1 22
1 24
1 20
1 12
1 36
1 24
1 27
1 21
1 16
1 76
1 73
1 20
1 27
1 42
1 58
1 27
1 15
1 40
1 47
1 11
1 58
1 24
1 19
1 33
1 27
1 25
1 21
1 25
1 23
1 55
1 22
1 27
1 16
1 25
1 28
1 27
1 50
1 15
1 31
1 20
1 21
1 28
1 15
1 19
1 14
1 18
1 32
1 26
1 26
1 16
1 29
1 45
1 17
1 22
1 25
1 32
1 52
1 29
1 13
1 21
1 24
1 29
1 31
1 11
1 23
1 20
1 20
1 21
1 10
1 37
1 24
1 12
1 38
1 26
1 12
1 18
1 33
1 24
1 14
1 19
1 30
1 78
1 20
1 18
1 41
1 32
1 26
1 18
1 21
1 16
1 15
1 22
1 23
1 47
1 48
1 50
1 16
1 33
1 32
1 13
1 15
1 76
1 24
1 39
1 44
1 24
1 22
1 23
1 19
1 48
1 47
1 43
1 31
1 41
1 12
1 20
1 34
1 38
1 36
1 40
1 53
1 26
1 30
1 21
1 21
1 31
1 91
1 34
1 26
1 40
1 21
1 30
1 28
1 13
1 18
1 50
1 16
1 40
1 53
1 20
1 26
1 12
1 54
1 15
1 20
1 16
1 36
1 76
1 13
1 23
1 54
1 33
1 23
1 50
1 12
1 22
1 31
1 24
1 76
1 28
1 29
1 39
1 15
1 11
1 62
1 16
1 15
1 26
1 21
1 52
1 38
1 13
1 21
1 21
1 39
1 31
1 60
1 23
1 20
1 23
1 19
1 28
1 67
1 43
1 16
1 23
1 33
1 41
1 38
1 30
1 28
1 14
1 19
1 16
1 20
1 17
1 32
1 18
1 15
1 44
1 21
1 112
1 44
1 23
1 12
1 15
1 26
1 57
1 23
1 50
1 35
1 22
1 33
1 22
1 31
1 21
1 25
1 63
1 10
1 66
1 14
1 36
1 13
1 16
1 26
1 28
1 41
1 29
1 34
1 27
1 13
1 25
1 20
1 36
1 24
1 82
1 45
1 20
1 19
1 22
1 22
1 18
1 33
1 69
1 32
1 21
1 20
1 28
1 17
1 43
1 43
1 73
1 18
1 32
1 51
1 43
1 22
1 15
1 29
1 31
1 37
1 41
1 47
1 18
1 17
1 25
1 38
1 32
1 137
1 19
1 32
1 31
1 42
1 92
1 26
1 18
1 33
1 21
1 19
1 25
1 15
1 32
1 42
1 29
1 110
1 56
1 55
1 24
1 20
1 17
1 12
1 11
1 34
1 37
1 24
1 14
1 18
1 13
1 22
1 27
1 28
1 13
1 35
1 24
1 21
1 40
1 13
1 17
1 12
1 56
1 12
1 21
1 23
1 19
1 21
1 14
1 23
1 81
1 81
1 21
1 10
1 15
1 38
1 20
1 21
1 18
1 15
1 20
1 17
1 26
1 42
1 34
1 21
1 23
1 13
1 19
1 23
1 25
1 14
1 16
1 21
1 47
1 18
1 33
1 20
1 43
1 14
1 23
1 16
1 37
1 42
1 44
1 17
1 23
1 112
1 38
1 21
1 78
1 13
1 50
1 18
1 14
1 18
1 16
1 15
1 28
1 13
1 25
1 42
1 14
1 31
1 19
1 21
1 53
1 29
1 46
1 10
1 31
1 40
1 17
1 39
1 113
1 21
1 23
1 28
1 16
1 25
1 28
1 34
1 14
1 44
1 79
1 13
1 48
1 16
1 28
1 13
1 24
1 17
1 68
1 24
1 45
1 33
1 73
1 49
1 28
1 16
1 32
1 28
1 21
1 10
1 21
1 26
1 35
1 40
1 48
1 17
1 31
1 17
1 49
1 18
1 49
1 18
1 27
1 49
1 12
1 23
1 32
1 38
1 23
1 26
1 40
1 25
1 21
1 34
1 81
1 26
1 28
1 17
1 14
1 26
1 26
1 49
1 30
1 35
1 39
1 30
1 15
1 30
1 12
1 48
1 23
1 27
1 15
1 35
1 51
1 22
1 15
1 30
1 30
1 50
1 58
1 35
1 50
1 27
1 40
1 18
1 29
1 22
1 21
1 21
1 32
1 14
1 46
1 24
1 48
1 16
1 12
1 35
1 68
1 21
1 24
1 20
1 20
1 33
1 16
1 26
1 41
1 29
1 30
1 14
1 23
1 27
1 43
1 21
1 43
1 27
1 16
1 17
1 19
1 20
1 43
1 14
1 21
1 25
1 12
1 15
1 21
1 14
1 17
1 19
1 23
1 32
1 51
1 25
1 25
1 32
1 117
1 21
1 28
1 27
1 23
1 81
1 18
1 18
1 43
1 33
1 41
1 48
1 11
1 48
1 29
1 57
1 24
1 23
1 13
1 29
1 12
1 41
1 28
1 33
1 30
1 27
1 35
1 14
1 31
1 29
1 37
1 16
1 64
1 55
1 32
1 17
1 30
1 40
1 117
1 48
1 17
1 17
1 13
1 29
1 18
1 13
1 26
1 28
1 26
1 19
1 36
1 45
1 16
1 89
1 16
1 32
1 21
1 48
1 27
1 55
1 15
1 31
1 24
1 60
1 22
1 88
1 13
1 16
1 30
1 57
1 45
1 33
1 48
1 22
1 17
1 36
1 12
1 15
1 14
1 43
1 35
1 44
1 27
1 22
1 43
1 12
1 13
1 46
1 34
1 31
1 16
1 34
1 22
1 34
1 22
1 54
1 31
1 29
1 20
1 19
1 22
1 11
1 15
1 18
1 21
1 14
1 15
1 16
1 37
1 31
1 38
1 24
1 23
1 14
1 22
1 39
1 31
1 53
1 16
1 31
1 23
1 33
1 19
1 22
1 19
1 26
1 48
1 20
1 26
1 18
1 76
1 72
1 22
1 39
1 22
1 19
1 26
1 23
1 31
1 16
1 39
1 22
1 58
1 31
1 25
1 22
1 21
1 19
1 26
1 20
1 24
1 16
1 13
1 29
1 34
1 25
1 23
1 50
1 20
1 28
1 29
1 43
1 20
1 19
1 28
1 22
1 22
1 19
1 13
1 12
1 20
1 30
1 29
1 65
1 33
1 80
1 18
1 43
1 24
1 27
1 13
1 25
1 34
1 28
1 25
1 15
1 10
1 25
1 41
1 79
1 22
1 26
1 22
1 35
1 14
1 33
1 35
1 25
1 54
1 30
1 24
1 22
1 24
1 28
1 37
1 15
1 45
1 21
1 10
1 20
1 35
1 23
1 23
1 47
1 28
1 15
1 40
1 25
1 18
1 32
1 24
1 24
1 24
1 24
1 19
1 80
1 74
1 45
1 30
1 43
1 17
1 31
1 19
1 56
1 21
1 51
1 42
1 31
1 30
1 34
1 14
1 79
1 23
1 16
1 19
1 24
1 16
1 21
1 35
1 16
1 22
1 15
1 28
1 23
1 27
1 29
1 46
1 43
1 20
1 35
1 18
1 40
1 37
1 32
1 47
1 37
1 25
1 21
1 27
1 66
1 23
1 33
1 72
1 17
1 36
1 17
1 118
1 39
1 15
1 25
1 68
1 35
1 24
1 25
1 17
1 24
1 36
1 44
1 37
1 23
1 42
1 28
1 17
1 17
1 50
1 21
1 18
1 34
1 12
1 12
1 27
1 24
1 13
1 19
1 36
1 12
1 16
1 15
1 22
1 24
1 25
1 19
1 28
1 25
1 19
1 12
1 18
1 11
1 29
1 17
1 35
1 12
1 43
1 16
1 20
1 34
1 34
1 29
1 19
1 20
1 13
1 25
1 17
1 33
1 19
1 48
1 33
1 21
1 44
1 32
1 25
1 32
1 12
1 19
1 14
1 12
1 16
1 61
1 40
1 69
1 47
1 50
1 15
1 18
1 15
1 16
1 48
1 59
1 13
1 28
1 30
1 33
1 113
1 13
1 14
1 12
1 48
1 113
1 69
1 44
1 22
1 40
1 13
1 40
1 24
1 58
1 19
1 74
1 49
1 26
1 17
1 31
1 16
1 17
1 33
1 66
1 22
1 27
1 41
1 45
1 13
1 76
1 73
1 27
1 112
1 12
1 19
1 20
1 26
1 59
1 33
1 30
1 30
1 12
1 29
1 23
1 24
1 20
1 18
1 21
1 77
1 11
1 24
1 25
1 46
1 16
1 26
1 30
1 34
1 46
1 12
1 32
1 24
1 31
1 19
1 22
1 37
1 44
1 21
1 19
1 33
1 40
1 29
1 28
1 14
1 19
1 27
1 18
1 28
1 30
1 18
1 13
1 65
1 23
1 11
1 12
1 50
1 15
1 59
1 37
1 16
1 23
1 26
1 42
1 40
1 26
1 17
1 14
1 73
1 15
1 37
1 39
1 37
1 38
1 14
1 16
1 29
1 21
1 17
1 20
1 16
1 39
1 53
1 17
1 32
1 17
1 42
1 33
1 56
1 19
1 37
1 25
1 16
1 50
1 34
1 23
1 37
1 20
1 43
1 16
1 30
1 40
1 17
1 25
1 30
1 17
1 18
1 27
1 39
1 52
1 16
1 21
1 59
1 31
1 18
1 27
1 32
1 39
1 18
1 22
1 34
1 17
1 41
1 35
1 60
1 32
1 48
1 22
1 21
1 28
1 34
1 26
1 13
1 34
1 30
1 44
1 20
1 32
1 39
1 14
1 43
1 25
1 84
1 92
